all.cvs <- c(1.336134, 1.462329, 1.716936, 
             1.457792, 1.574702, 1.815276, 
             1.524583, 1.638011, 1.869089, 
             1.57006, 1.682116, 1.907496, 
             1.60488, 1.714087, 1.937357, 
             1.337465, 1.462107, 1.714582, 
             1.457408, 1.574958, 1.812895, 
             1.525226, 1.636127, 1.86839, 
             1.570703, 1.677881, 1.905091, 
             1.604833, 1.710859, 1.933991, 
             1.338745, 1.464334, 1.713059, 
             1.459744, 1.575204, 1.811187, 
             1.526218, 1.636218, 1.862705, 
             1.571563, 1.677764, 1.899503, 
             1.60488, 1.710131, 1.93092, 
             1.338439, 1.462129, 1.714479, 
             1.457158, 1.575657, 1.811925, 
             1.524485, 1.637795, 1.867995, 
             1.571271, 1.680487, 1.905278, 
             1.605776, 1.711482, 1.934519, 
             1.33834, 1.463091, 1.714319, 
             1.458877, 1.574234, 1.810956, 
             1.525121, 1.636816, 1.868496, 
             1.569813, 1.67985, 1.907938, 
             1.604972, 1.711072, 1.936881, 
             1.33853, 1.462103, 1.717279, 
             1.457789, 1.574859, 1.815899, 
             1.524089, 1.636579, 1.868991, 
             1.570279, 1.681376, 1.903369, 
             1.605785, 1.714426, 1.929451, 
             1.338874, 1.464355, 1.716674, 
             1.459638, 1.577559, 1.814177, 
             1.527095, 1.6403, 1.869099, 
             1.573036, 1.682622, 1.908578, 
             1.607992, 1.714154, 1.938236, 
             1.340001, 1.464839, 1.716233, 
             1.46064, 1.575933, 1.816383, 
             1.527258, 1.639307, 1.86983, 
             1.572307, 1.680919, 1.909852, 
             1.606284, 1.713242, 1.941857, 
             1.338982, 1.464144, 1.717506, 
             1.459712, 1.576454, 1.816331, 
             1.52701, 1.63894, 1.874069, 
             1.572149, 1.68199, 1.912434, 
             1.606526, 1.714847, 1.93953, 
             1.339747, 1.465603, 1.719541, 
             1.461403, 1.578351, 1.818037, 
             1.52764, 1.64007, 1.871294, 
             1.573834, 1.683528, 1.908643, 
             1.608829, 1.716805, 1.938166, 
             1.339843, 1.465001, 1.715123, 
             1.460607, 1.576267, 1.813983, 
             1.526772, 1.638167, 1.86897, 
             1.571808, 1.681007, 1.905089, 
             1.606377, 1.712603, 1.934166, 
             1.339924, 1.464559, 1.716417, 
             1.459979, 1.57685, 1.813311, 
             1.526677, 1.638171, 1.864147, 
             1.572071, 1.679584, 1.905758, 
             1.607245, 1.713032, 1.933698, 
             1.339584, 1.465163, 1.716322, 
             1.460535, 1.575961, 1.812821, 
             1.526641, 1.637507, 1.865457, 
             1.571816, 1.680748, 1.90483, 
             1.606768, 1.712799, 1.93094, 
             1.338877, 1.463883, 1.714479, 
             1.459058, 1.575072, 1.813972, 
             1.525801, 1.63699, 1.866753, 
             1.570832, 1.679317, 1.903085, 
             1.605776, 1.711775, 1.929913, 
             1.338745, 1.464017, 1.718994, 
             1.459744, 1.576074, 1.815144, 
             1.525664, 1.638829, 1.867295, 
             1.572117, 1.683304, 1.905597, 
             1.606383, 1.715987, 1.93464, 
             1.339592, 1.465298, 1.71804, 
             1.460954, 1.577972, 1.819101, 
             1.528151, 1.640914, 1.872911, 
             1.573717, 1.6832, 1.910233, 
             1.608823, 1.715203, 1.941704, 
             1.340882, 1.467183, 1.723267, 
             1.462751, 1.579873, 1.822135, 
             1.530175, 1.64392, 1.877319, 
             1.575758, 1.687498, 1.917731, 
             1.610894, 1.720735, 1.94411, 
             1.409783, 1.529859, 1.77613, 
             1.525427, 1.638644, 1.871938, 
             1.589474, 1.69826, 1.928388, 
             1.634318, 1.74131, 1.966584, 
             1.668083, 1.773914, 1.992646, 
             1.409094, 1.529747, 1.776194, 
             1.525314, 1.6379, 1.873089, 
             1.589408, 1.697739, 1.925215, 
             1.633733, 1.741, 1.961384, 
             1.666711, 1.773623, 1.990993, 
             1.409967, 1.530333, 1.773123, 
             1.52606, 1.637721, 1.864921, 
             1.589923, 1.698577, 1.919208, 
             1.633923, 1.739015, 1.956481, 
             1.668268, 1.76972, 1.985208, 
             1.409202, 1.52931, 1.772231, 
             1.52507, 1.637283, 1.868141, 
             1.589181, 1.697227, 1.921653, 
             1.633116, 1.737799, 1.95952, 
             1.666743, 1.76938, 1.99227, 
             1.409626, 1.528851, 1.773724, 
             1.524568, 1.637162, 1.868496, 
             1.588532, 1.696636, 1.925276, 
             1.633155, 1.739117, 1.959192, 
             1.666381, 1.771237, 1.98924, 
             1.408413, 1.527341, 1.773425, 
             1.523691, 1.635849, 1.868394, 
             1.589061, 1.69737, 1.919098, 
             1.632331, 1.738317, 1.956528, 
             1.666642, 1.770372, 1.986525, 
             1.409626, 1.530391, 1.773922, 
             1.52632, 1.639136, 1.86716, 
             1.590611, 1.698259, 1.921953, 
             1.635066, 1.739741, 1.959624, 
             1.668407, 1.771014, 1.990638, 
             1.411137, 1.530694, 1.774261, 
             1.52624, 1.638925, 1.86614, 
             1.589613, 1.697462, 1.921623, 
             1.635107, 1.739457, 1.958273, 
             1.667048, 1.771207, 1.986269, 
             1.409825, 1.529859, 1.772332, 
             1.525807, 1.637547, 1.869827, 
             1.588989, 1.696234, 1.922437, 
             1.633432, 1.738018, 1.959283, 
             1.666036, 1.769166, 1.989734, 
             1.41031, 1.528976, 1.773498, 
             1.524649, 1.637207, 1.868685, 
             1.589104, 1.697017, 1.920287, 
             1.63288, 1.739266, 1.9556, 
             1.666985, 1.770189, 1.981815, 
             1.410725, 1.529615, 1.770562, 
             1.525286, 1.636293, 1.865481, 
             1.58906, 1.696062, 1.919046, 
             1.632352, 1.735283, 1.954261, 
             1.665499, 1.767848, 1.980365, 
             1.410869, 1.530062, 1.773358, 
             1.525881, 1.636313, 1.864479, 
             1.589393, 1.696042, 1.9185, 
             1.632663, 1.739844, 1.953873, 
             1.665116, 1.770505, 1.983539, 
             1.410593, 1.530716, 1.774069, 
             1.526433, 1.637921, 1.866009, 
             1.590259, 1.697395, 1.921615, 
             1.633777, 1.739186, 1.958087, 
             1.667348, 1.770961, 1.988411, 
             1.410884, 1.53048, 1.77245, 
             1.526167, 1.638453, 1.867118, 
             1.589912, 1.696569, 1.919825, 
             1.634359, 1.738896, 1.953745, 
             1.667182, 1.770257, 1.982401, 
             1.41068, 1.529859, 1.775339, 
             1.525823, 1.638117, 1.868798, 
             1.589923, 1.699052, 1.922374, 
             1.634081, 1.740915, 1.958618, 
             1.668109, 1.772727, 1.985049, 
             1.411665, 1.533115, 1.776992, 
             1.528683, 1.641446, 1.871582, 
             1.592511, 1.700664, 1.92947, 
             1.637634, 1.741709, 1.965108, 
             1.670878, 1.774155, 1.993032, 
             1.413054, 1.53429, 1.781195, 
             1.530281, 1.644026, 1.876264, 
             1.594539, 1.705119, 1.929865, 
             1.639911, 1.747325, 1.967639, 
             1.67357, 1.778662, 1.997922, 
             1.458636, 1.575441, 1.817281, 
             1.571326, 1.68275, 1.912983, 
             1.634951, 1.741943, 1.966901, 
             1.678529, 1.782461, 2.004675, 
             1.711239, 1.814115, 2.036013, 
             1.458472, 1.576288, 1.817505, 
             1.571944, 1.68187, 1.912272, 
             1.634886, 1.741975, 1.962891, 
             1.677793, 1.784261, 2.002252, 
             1.711125, 1.814314, 2.02867, 
             1.45919, 1.575283, 1.813641, 
             1.571643, 1.681563, 1.905043, 
             1.633923, 1.739648, 1.958855, 
